time_end: 1673475040.96695
time_sampled: 1673475017.159651
