time_end: 1673475065.043825
time_sampled: 1673475041.3334012
