time_end: 1673474746.7798688
time_sampled: 1673474723.855181
