time_end: 1673475381.022583
time_sampled: 1673475362.403994
