budget:
  account_for_cost: true
  eval_cost: 20.0
  max: 500
  used: 72.0
time_end: 1673467796.587636
time_sampled: 1673467754.041995
