time_end: 1673474991.4284291
time_sampled: 1673474967.3597991
