budget:
  account_for_cost: true
  eval_cost: 20.0
  max: 500
  used: 504.0
time_end: 1673468789.363582
time_sampled: 1673468748.069983
