time_end: 1673474530.367917
time_sampled: 1673474509.733412
