budget:
  account_for_cost: true
  eval_cost: 6.0
  max: 500
  used: 228.0
time_end: 1673468159.987242
time_sampled: 1673468144.9523158
