time_end: 1673474967.021447
time_sampled: 1673474943.033365
