time_end: 1673475544.4858549
time_sampled: 1673475525.628586
