budget:
  account_for_cost: true
  eval_cost: 20.0
  max: 500
  used: 484.0
time_end: 1673468747.690955
time_sampled: 1673468705.6664371
