time_end: 1673474844.999815
time_sampled: 1673474820.6393669
