time_end: 1673475525.178823
time_sampled: 1673475503.8880792
