time_end: 1673474723.530842
time_sampled: 1673474702.726431
