time_end: 1673475444.630259
time_sampled: 1673475423.632789
