time_end: 1673474893.537914
time_sampled: 1673474869.788604
