time_end: 1673474447.408822
time_sampled: 1673474427.992876
