budget:
  account_for_cost: true
  eval_cost: 20.0
  max: 500
  used: 432.0
time_end: 1673468631.9776042
time_sampled: 1673468587.241334
