budget:
  account_for_cost: true
  eval_cost: 14.0
  max: 500
  used: 176.0
previous_config_id: '12_0'
time_end: 1673468039.557718
time_sampled: 1673468007.8987882
