time_end: 1673475338.642773
time_sampled: 1673475315.9917161
