time_end: 1673474634.1569731
time_sampled: 1673474610.583231
