time_end: 1673475361.964055
time_sampled: 1673475339.112637
