budget:
  account_for_cost: true
  eval_cost: 6.0
  max: 500
  used: 450.0
time_end: 1673468675.662737
time_sampled: 1673468660.240457
