time_end: 1673474796.863681
time_sampled: 1673474772.312045
