time_end: 1673475315.589335
time_sampled: 1673475293.0416791
