budget:
  account_for_cost: true
  eval_cost: 6.0
  max: 500
  used: 222.0
time_end: 1673468144.608774
time_sampled: 1673468130.5139048
