time_end: 1673475247.177433
time_sampled: 1673475224.552853
