time_end: 1673474820.328894
time_sampled: 1673474797.225257
