time_end: 1673474589.708691
time_sampled: 1673474571.139285
