budget:
  account_for_cost: true
  eval_cost: 20.0
  max: 500
  used: 412.0
time_end: 1673468586.854733
time_sampled: 1673468542.940396
