budget:
  account_for_cost: true
  eval_cost: 20.0
  max: 500
  used: 196.0
time_end: 1673468086.1234539
time_sampled: 1673468039.943423
