time_end: 1673475161.9365902
time_sampled: 1673475137.233496
