budget:
  account_for_cost: true
  eval_cost: 20.0
  max: 500
  used: 288.0
time_end: 1673468295.630443
time_sampled: 1673468251.562689
