budget:
  account_for_cost: true
  eval_cost: 14.0
  max: 500
  used: 32.0
previous_config_id: '1_0'
time_end: 1673467710.5063848
time_sampled: 1673467676.0241868
