time_end: 1673475136.7813609
time_sampled: 1673475112.715391
