budget:
  account_for_cost: true
  eval_cost: 20.0
  max: 500
  used: 124.0
time_end: 1673467918.948107
time_sampled: 1673467872.853485
