budget:
  account_for_cost: true
  eval_cost: 6.0
  max: 500
  used: 162.0
time_end: 1673468007.477623
time_sampled: 1673467992.802687
