time_end: 1673474771.984545
time_sampled: 1673474747.1524348
