time_end: 1673474942.660522
time_sampled: 1673474918.754935
