time_end: 1673474918.41551
time_sampled: 1673474893.873188
