budget:
  account_for_cost: true
  eval_cost: 6.0
  max: 500
  used: 18.0
time_end: 1673467675.666461
time_sampled: 1673467660.8010628
