budget:
  account_for_cost: true
  eval_cost: 6.0
  max: 500
  used: 378.0
time_end: 1673468508.839844
time_sampled: 1673468494.832505
