time_end: 1673475088.345737
time_sampled: 1673475065.453354
