budget:
  account_for_cost: true
  eval_cost: 14.0
  max: 500
  used: 104.0
previous_config_id: '6_0'
time_end: 1673467872.487652
time_sampled: 1673467840.5878122
