budget:
  account_for_cost: true
  eval_cost: 6.0
  max: 500
  used: 6.0
time_end: 1673467644.0482502
time_sampled: 1673467629.8713899
