budget:
  account_for_cost: true
  eval_cost: 6.0
  max: 500
  used: 78.0
time_end: 1673467810.418466
time_sampled: 1673467796.912574
