budget:
  account_for_cost: true
  eval_cost: 6.0
  max: 500
  used: 12.0
time_end: 1673467660.429388
time_sampled: 1673467644.4039512
