budget:
  account_for_cost: true
  eval_cost: 6.0
  max: 500
  used: 306.0
time_end: 1673468339.397332
time_sampled: 1673468325.0177221
