time_end: 1673474489.468905
time_sampled: 1673474467.290087
