time_end: 1673474869.466387
time_sampled: 1673474845.3714628
