time_end: 1673475292.64253
time_sampled: 1673475270.353445
