budget:
  account_for_cost: true
  eval_cost: 6.0
  max: 500
  used: 156.0
time_end: 1673467992.4277499
time_sampled: 1673467977.241492
