time_end: 1673474610.414659
time_sampled: 1673474589.9140239
