time_end: 1673474509.5729978
time_sampled: 1673474489.667027
