time_end: 1673474658.07649
time_sampled: 1673474634.5105128
