budget:
  account_for_cost: true
  eval_cost: 6.0
  max: 500
  used: 300.0
time_end: 1673468324.6272378
time_sampled: 1673468310.352596
