budget:
  account_for_cost: true
  eval_cost: 6.0
  max: 500
  used: 150.0
time_end: 1673467976.903615
time_sampled: 1673467962.694078
