time_end: 1673475463.283278
time_sampled: 1673475445.055903
