budget:
  account_for_cost: true
  eval_cost: 20.0
  max: 500
  used: 360.0
time_end: 1673468463.579325
time_sampled: 1673468419.114945
