time_end: 1673475423.154193
time_sampled: 1673475404.427762
