time_end: 1673474570.974675
time_sampled: 1673474551.9300082
