budget:
  account_for_cost: true
  eval_cost: 20.0
  max: 500
  used: 340.0
time_end: 1673468418.7560802
time_sampled: 1673468370.901551
