budget:
  account_for_cost: true
  eval_cost: 6.0
  max: 500
  used: 90.0
time_end: 1673467840.225368
time_sampled: 1673467825.857688
