budget:
  account_for_cost: true
  eval_cost: 6.0
  max: 500
  used: 438.0
time_end: 1673468646.0667882
time_sampled: 1673468632.402635
