budget:
  account_for_cost: true
  eval_cost: 20.0
  max: 500
  used: 216.0
time_end: 1673468130.132343
time_sampled: 1673468086.502922
