budget:
  account_for_cost: true
  eval_cost: 6.0
  max: 500
  used: 84.0
time_end: 1673467825.497372
time_sampled: 1673467810.776185
