time_end: 1673475185.8535838
time_sampled: 1673475162.315843
