time_end: 1673475503.408479
time_sampled: 1673475485.3065028
