time_end: 1673475224.1308181
time_sampled: 1673475205.823722
