time_end: 1673474678.17484
time_sampled: 1673474658.361025
