budget:
  account_for_cost: true
  eval_cost: 6.0
  max: 500
  used: 234.0
time_end: 1673468174.836853
time_sampled: 1673468160.37021
