time_end: 1673475484.848112
time_sampled: 1673475463.760076
