time_end: 1673474551.763495
time_sampled: 1673474530.570399
