time_end: 1673474702.373704
time_sampled: 1673474678.466044
