time_end: 1673475112.343998
time_sampled: 1673475088.707262
