budget:
  account_for_cost: true
  eval_cost: 6.0
  max: 500
  used: 372.0
time_end: 1673468494.424701
time_sampled: 1673468478.677431
