budget:
  account_for_cost: true
  eval_cost: 20.0
  max: 500
  used: 144.0
time_end: 1673467962.3196568
time_sampled: 1673467919.3265028
