time_end: 1673475016.728409
time_sampled: 1673474991.775935
