time_end: 1673475269.890303
time_sampled: 1673475247.5738292
