budget:
  account_for_cost: true
  eval_cost: 14.0
  max: 500
  used: 320.0
previous_config_id: '20_0'
time_end: 1673468370.491115
time_sampled: 1673468339.7952619
