time_end: 1673475205.443404
time_sampled: 1673475186.2800288
