time_end: 1673474467.1358259
time_sampled: 1673474447.560622
